20

4
1 3 5 8

4
1 2 3 4

4
99 22 1 3

5
12 111 15 87 276

5
390 33 451 111 10

5
779 446 5 60 4

6
288 35 440 24 673 899

6
865 63 96 35 529 193

6
145 296 255 28 1 168

7
193 321 166 141 118 222 286

7
394 231 523 53 445 999 143

7
195 10 390 166 3 6 94

8
96 99 261 525 629 69 429 125

8
255 612 904 229 252 989 860 837

8
335 117 106 15 559 96 4 66

9
161 368 267 201 888 328 633 73 889

9
237 124 87 200 24 136 120 953 169

9
124 700 5 25 900 837 11 4 200

10
7 14 500 29 656 65 719 2 305 35

10
949 107 130 805 495 217 400 512 276 959
 
